image: /home/lim/catkin_ws/maps/414C.pgm
resolution: 0.020000
origin: [-4.010679, -4.684185, 0.000000]
negate: 0
occupied_thresh: 0.65
free_thresh: 0.196
